821192 1
462262 1
165986 1
717989 0
814967 1
527786 0
976099 1
525273 1
535519 1
462600 1
607090 1
470249 1
889047 1
531777 1
565671 1
657798 1
911395 1
467737 1
850913 0
722173 1
607120 1
457204 1
374569 1
621877 1
328052 0
780683 1
526932 0
144269 1
769392 1
303509 1
842079 1
719584 1
281903 1
818945 1
223026 1
513058 1
946758 0
148792 1
856992 1
725953 1
230708 0
902749 0
499427 1
320966 0
395681 1
364302 1
143361 1
954580 1
391328 0
171074 1
193419 0
526981 1
300654 0
233514 0
861147 1
381298 0
664178 0
393138 1
647923 0
678569 0
522301 1
520702 0
118914 0
806678 0
839689 1
379311 1
200031 1
250300 0
619548 1
999198 1
810734 1
158043 1
368996 1
848093 1
339064 1
213641 1
814809 1
513499 0
430740 0
424635 1
490335 0
560350 0
564867 1
701275 0
885411 0
841703 1
284717 1
915632 1
420731 1
772115 0
490182 1
454939 1
898921 1
772375 1
966957 1
660118 1
366390 1
324385 1
198025 0
218581 1
308632 0
604123 1
570508 0
564166 0
132142 0
744777 0
757938 1
216434 1
981280 1
760327 1
448416 1
784091 1
557889 1
372269 0
999175 1
407070 0
564111 1
850861 1
564832 0
443920 0
475279 1
772657 0
335566 1
496739 1
578163 1
727647 0
115553 0
808639 1
683317 1
395862 0
389487 0
786379 0
159035 0
446096 1
360315 0
935939 0
812563 1
500928 1
225712 1
854177 1
499606 1
219187 1
208356 0
710774 1
200198 1
559889 0
273719 0
665967 0
439569 0
750778 1
859635 1
641746 1
825805 1
757226 1
121867 1
110016 1
241468 1
325783 1
961150 1
514515 1
115367 0
370640 1
867346 0
523006 1
798405 1
638461 0
462811 1
659538 0
839730 1
440707 1
971059 1
960053 1
181978 1
323551 1
221313 1
436586 0
378893 1
309831 1
802900 0
539405 1
602986 1
184398 1
278279 1
164085 0
478038 0
143391 0
388540 1
181651 1
420803 1
339102 0
668355 1
110511 1
581452 1
938956 1
583122 1
190736 0
957301 1
135106 0
692651 0
181234 0
277485 0
363858 0
157499 0
581838 0
571661 1
684394 1
156919 1
741623 0
962391 1
415954 0
884382 0
247129 1
584345 0
736715 1
247900 0
486234 1
336394 1
989711 0
113474 0
859099 0
215689 0
455862 0
974609 0
187638 1
608675 1
469805 0
252206 1
573246 1
709451 1
927454 1
257100 1
992900 1
455777 1
856044 1
179207 1
822574 0
539182 0
632117 1
192933 0
472031 1
631812 1
636496 1
267189 1
758451 1
882527 1
739854 1
549617 0
284833 1
580296 0
352539 0
902429 0
223065 1
750318 1
386876 0
565767 0
122982 0
748237 0
765488 1
433831 1
795115 0
264681 0
530609 1
118366 0
772071 1
346289 0
108466 1
444088 0
341458 1
347550 1
767744 1
951756 1
326879 0
125107 0
325922 1
874360 0
819834 1
255644 1
971098 0
178279 0
671561 1
666129 1
528195 1
200332 0
192717 1
248753 1
522931 0
522598 0
176575 0
378601 0
499672 1
312764 1
106549 1
801933 1
220284 0
530624 1
462108 0
568699 1
419075 1
678702 0
134461 1
206621 1
779370 1
956907 1
815962 1
552100 0
919431 0
461928 1
251503 0
745807 1
734381 1
536637 1
348691 0
659844 1
886182 1
755248 1
656534 1
966579 0
948633 1
421838 1
228355 0
232408 1
448355 1
886510 0
661053 0
854967 1
762655 1
178771 1
584899 0
855296 1
470368 1
853160 1
160685 1
680138 0
218836 0
776771 0
123086 1
862201 0
537440 1
583396 1
784146 1
825753 1
230952 0
351380 1
884607 1
464386 0
136837 1
104201 0
186645 0
875220 0
676238 0
308158 1
598608 0
706874 0
904338 1
356125 1
927522 0
118025 1
542170 1
120790 1
179195 1
351903 0
323369 1
844231 1
481155 1
381926 1
943645 0
124788 0
687452 1
617616 1
928269 0
123245 0
166530 1
214490 0
449994 0
645612 1
843884 1
712363 0
388128 0
246262 0
509610 1
300819 1
866740 1
751511 1
826758 0
748878 1
546245 1
537000 0
456901 1
875233 1
814988 1
853866 1
689733 1
357017 1
435357 1
234762 1
627006 1
841104 0
966278 1
328669 1
243363 1
621129 1
732685 1
519586 0
223904 0
851281 1
599348 0
994821 1
288283 0
298814 1
706070 0
937495 0
229876 0
201329 1
589160 1
946457 0
784582 1
790837 0
131291 0
826096 0
703398 1
629855 1
780502 0
731279 0
929153 1
729966 1
730269 1
969554 1
863743 1
305513 1
390767 1
635935 0
159780 1
812902 1
668417 0
657733 1
525675 1
618527 1
968774 0
606590 1
914059 1
517596 1
962408 1
887630 1
493332 1
663565 1
983469 0
193091 1
962224 1
610319 0
171540 1
887252 0
351204 1
126468 1
742007 0
752100 0
527182 1
871869 0
558249 0
394719 0
115718 1
217937 0
118295 1
159545 1
519967 0
689124 1
583689 1
732787 1
101988 1
239331 0
569791 0
520279 1
380317 0
668676 0
104149 1
913177 0
301641 1
603881 0
245345 1
370902 0
190532 0
190532 0
591387 1
733906 0
792950 0
908352 0
438384 1
987344 1
989098 1
732493 1
842919 0
905984 1
673616 0
975986 1
192168 1
876543 1
127148 1
904755 1
526182 0
769092 1
617743 0
634987 1
411390 0
375360 0
961266 1
902609 0
352695 1
859422 1
926872 1
899380 1
576226 1
845381 1
930705 1
301601 1
275098 0
560115 0
486035 1
275257 0
629762 0
973153 1
251073 1
787357 1
334219 1
149027 0
800742 0
201540 1
931053 1
899815 1
615704 0
746721 1
690186 0
769298 0
837079 0
870047 1
311792 1
248712 1
631501 0
839462 1
771029 0
514243 0
181677 0
815733 0
129115 1
641208 0
573845 1
209287 0
164555 1
173943 1
361422 1
765936 1
137691 1
465577 1
652584 1
654975 0
810538 1
322194 1
324897 1
566876 1
478976 1
232910 1
142556 0
804328 1
517425 1
402165 1
391148 0
979681 0
487192 0
926744 0
238280 1
396989 0
176638 1
494787 0
936630 1
858859 1
404562 1
787579 1
720546 0
527927 1
380751 1
708415 1
769637 1
332837 0
390587 0
148105 1
452704 0
868659 0
191268 0
109932 0
739488 1
501049 1
363491 1
587669 1
227417 0
857929 1
867610 1
412267 1
953357 0
282001 0
436919 0
907024 0
528516 1
353461 1
699601 1
702335 1
873491 0
832119 0
489703 0
972078 0
679991 0
729265 1
144038 1
440395 1
274936 1
546232 1
848449 1
271393 1
299273 0
151928 0
833112 1
760433 0
896579 1
499420 1
424211 1
354075 0
756079 1
576676 0
513446 1
266420 0
256507 0
682926 1
226733 1
838415 1
292033 0
940335 0
825326 1
786423 1
739013 0
321209 1
372027 1
919856 0
427797 1
684757 1
406383 1
357723 1
517033 1
811816 0
914030 1
402928 0
358530 1
207631 1
652871 1
268771 1
489964 0
818884 1
978035 1
547681 0
900573 1
521752 0
766517 0
398098 0
329909 1
418233 1
395513 1
617206 1
801182 0
294187 1
692726 1
737962 0
654348 0
433968 1
681870 1
318338 1
401564 0
564322 1
989131 0
819278 0
325494 0
740981 1
431265 1
400439 1
384843 1
763512 0
837489 1
547296 1
325497 1
480498 1
389857 1
364423 0
426596 0
438758 1
192326 1
442883 0
509309 0
802993 1
680028 1
219557 1
359740 1
392137 1
663305 0
655161 0
662663 0
547581 0
875008 1
447427 0
385579 0
704121 0
557081 0
947588 1
225183 1
877536 0
403676 0
705269 0
492166 0
237746 1
588533 0
834248 1
864235 0
657478 0
230558 1
218924 1
488196 1
135470 1
763546 1
561191 1
901361 1
182743 1
361557 0
188507 1
249755 1
647496 1
297639 0
478467 1
365911 1
571967 1
482384 0
796980 1
164547 1
563481 1
432667 1
396127 0
841541 1
442505 1
269212 1
239371 0
198289 1
391742 1
959604 0
573277 1
567297 0
119647 1
838601 1
606545 0
791484 1
516047 1
147696 1
595423 0
333489 0
892043 1
632485 1
959193 0
453082 1
537960 0
713455 1
196425 1
414268 0
522456 1
516286 0
487893 1
501059 0
350851 1
760910 1
918333 0
247848 1
551728 0
293188 1
507801 0
389068 0
402907 1
542637 1
880220 1
613532 0
128670 1
136195 1
118101 0
682093 0
335210 0
351273 1
303691 1
843838 0
129228 0
484748 1
436734 0
992890 0
590250 1
903938 0
857035 0
782837 1
208645 1
763788 0
415046 0
796556 1
755255 1
514485 1
558494 1
595975 0
620724 1
266706 0
670238 0
186264 1
177514 0
394305 1
913512 1
669851 1
907970 1
116364 1
309146 1
452598 0
121438 0
885733 1
924202 1
691192 0
807739 0
918249 1
395979 1
878779 1
152014 1
472223 0
964488 1
837507 1
314313 0
167448 1
942918 0
361566 1
615956 0
984142 1
997187 0
419939 1
305878 1
810598 1
618011 1
104533 1
765291 0
516976 1
282783 0
134368 1
530732 1
217283 1
407453 0
818968 0
374861 1
484259 1
532573 0
666622 1
589048 1
954781 0
835808 1
473756 0
950996 0
156935 0
316001 0
102533 1
662690 0
293282 1
323061 1
534840 1
526555 1
843834 0
465740 0
261308 1
451125 1
713794 1
754735 0
426499 1
995869 1
725049 1
128386 0
981256 0
662460 1
167529 0
173185 0
837107 1
864980 0
209572 0
900868 1
514417 0
641218 0
653672 0
853404 1
397534 0
157819 0
275802 0
291317 1
251868 1
919952 1
269644 1
782484 1
826235 1
462828 0
730136 0
400793 1
896337 1
738258 0
728131 1
698811 0
152513 1
718849 1
851389 0
904528 1
611126 1
676338 0
602238 1
948196 0
853830 1
335798 1
712520 0
427550 1
450961 1
615546 0
767529 0
722144 0
251680 1
454276 0
874775 0
845830 0
434920 1
869620 0
547955 1
515651 1
365095 0
497830 1
400137 1
200585 0
652259 1
591789 1
717740 1
571295 1
733904 0
433015 1
922780 1
800618 0
472296 1
403021 0
382881 1
458023 1
967122 1
114545 0
965358 1
221996 0
327485 0
477759 1
734305 1
525932 0
997443 1
437934 1
464415 0
758257 1
209705 1
425166 0
981530 1
714690 0
281179 1
502378 1
987276 1
154044 0
143538 1
220133 0
126491 0
640219 1
313615 1
466334 0
257237 1
682576 1
669342 1
336877 1
289843 1
935721 0
817046 1
405797 0
962167 1
110862 0
374422 1
444722 0
572975 1
478911 1
290023 1
964954 1
794481 1
734777 1
226782 0
177054 0
379071 1
952272 1
129464 0
169271 1
464578 0
822548 1
613629 1
662299 1
652849 1
933934 1
201279 1
814295 1
863049 0
588705 1
609850 1
513139 0
782131 1
700267 0
369587 0
342035 0
975714 1
495235 0
804091 1
973811 1
801076 1
816090 1
465515 1
996520 1
797551 1
412988 1
536935 0
149059 0
276259 1
288238 1
563837 1
639246 1
211499 0
359887 1
362117 0
621838 1
626445 1
843608 0
390271 1
529025 0
947095 0
296478 1
269242 1
986783 1
499074 1
836684 1
836809 1
221467 1
134289 0
533420 0
649709 1
606849 1
939504 0
773117 0
631472 0
216183 0
589078 1
356923 1
584229 1
387133 1
178245 1
376059 0
683595 1
465135 1
917095 1
486797 1
244649 1
469823 1
257456 1
494747 0
172721 0
781213 1
804768 1
443878 1
313950 1
918801 1
361856 1
583566 1
731447 0
282173 1
136737 1
207208 1
340716 0
752253 1
204578 0
151431 1
530262 0
401768 1
769193 1
755669 0
171864 1
239310 0
974950 1
478584 1
769090 1
481529 1
523285 0
818160 1
476490 0
689806 1
555002 0
307861 0
898387 0
941995 1
368228 1
270714 1
142663 1
164200 0
966092 1
873262 1
930782 0
114456 1
103829 1
660952 1
499959 0
703494 1
303723 0
223512 1
604156 1
319130 1
248230 0
991019 1
313408 0
786388 0
141734 1
616325 1
968161 1
459821 1
718901 0
630293 0
356040 1
104378 1
100106 1
862758 1
749733 0
619402 0
407330 0
498138 1
898485 1
598213 1
759783 1
724751 1
856702 0
427757 0
167819 1
260604 1
562735 1
579422 0
203947 0
756210 1
416866 0
799406 1
739405 1
826972 1
473180 0
814607 1
178276 0
874081 0
389961 0
336042 1
341129 1
179039 1
510210 0
976420 1
975105 1
282799 0
557096 1
282075 0
350523 0
211781 0
202952 1
231655 1
343120 1
427535 0
295862 1
621179 1
383875 1
541907 1
797556 1
968194 0
518401 1
372275 1
727754 1
909188 0
293472 0
688393 0
693901 0
920864 1
585665 0
174701 1
584154 1
424082 1
278671 0
541580 1
859769 0
348556 0
660190 0
441008 1
499228 1
470238 1
678543 1
599452 1
610015 0
293423 1
771912 1
425391 1
456167 1
257635 1
175934 0
176670 1
716069 0
425781 1
849390 1
668347 1
804242 1
620540 0
533212 0
674098 1
993362 0
343559 1
863452 0
211176 0
658323 1
801698 1
829479 1
810941 1
290188 0
482449 1
453698 0
220744 1
727584 1
661234 1
870781 1
159743 0
865530 1
287677 0
364623 1
209390 1
679697 1
610788 1
324540 1
795484 1
653891 0
561717 0
700401 1
151019 1
621499 0
288405 1
544388 1
877335 1
268492 1
293284 1
544918 1
411283 1
882645 0
183805 1
198578 1
512337 1
958812 1
323732 1
277773 1
445400 0
808693 0
573272 0
606214 1
114253 0
552123 1
220048 1
665861 1
508877 1
755475 0
613728 0
570877 0
514062 0
138701 0
544835 1
628235 1
594755 0
665732 0
578799 1
321238 1
189751 1
233851 1
156310 1
101359 1
844206 1
716415 1
981121 1
479376 1
921257 1
305641 1
185013 1
840479 1
697248 1
872027 0
454543 1
618889 1
558023 1
223200 1
427465 1
260649 1
509963 1
290573 1
813140 1
328192 1
279540 1
894660 1
765438 1
329564 1
119779 1
742990 1
104395 0
748307 0
514642 1
600222 1
887230 1
537414 0
596185 1
487250 1
449871 1
458720 0
823524 1
404211 1
599795 1
366935 1
939903 0
445137 1
796088 1
257031 0
429933 0
291529 0
413480 1
779739 1
255626 1
750241 1
761699 0
596838 1
954990 1
835976 0
899207 1
316643 0
261002 1
891576 1
145481 0
536826 1
296394 0
187638 1
836027 1
569884 1
531539 1
108494 1
941318 1
258275 1
324260 1
663257 0
181902 1
968661 0
911702 0
208760 0
611795 1
829408 1
988606 1
619543 1
603564 1
923005 0
104135 1
601645 1
712171 0
281038 0
309435 0
147736 1
409309 1
463937 1
951257 0
379843 1
443721 1
664716 1
722717 0
245794 1
731598 1
430289 1
746620 0
318482 1
360583 1
146809 0
982470 0
752123 0
172168 0
832890 0
806341 1
475663 0
876735 1
840851 1
340986 1
349738 1
238613 1
204684 1
805573 0
346769 0
202573 1
447641 1
191355 0
219413 0
104962 0
658357 0
599343 0
621877 1
229615 1
763050 1
705737 1
948747 1
627139 1
283350 0
403748 0
254421 0
854239 0
574353 1
974337 1
661837 1
711546 1
603199 1
968326 1
708075 1
685687 1
399933 1
845857 1
392771 1
487746 1
721125 1
720491 1
302082 1
575279 1
441160 0
684711 1
295119 1
851167 0
216179 1
287713 1
533325 1
204860 1
659853 1
444016 0
490165 0
512633 0
108437 1
487830 0
529406 1
183509 0
360581 1
891644 1
907127 0
237238 1
157075 1
868985 1
414185 0
710064 1
518989 0
693226 0
435159 0
907262 1
850522 1
449144 1
795263 0
970053 0
149757 1
932919 1
143607 0
380117 0
110515 0
481826 1
767570 1
225993 1
436625 0
828674 1
370875 1
612195 1
907880 1
291494 1
419479 1
271219 1
425315 0
242602 1
287749 0
297903 1
304646 1
299890 1
377406 1
471929 0
449262 1
570541 0
871702 0
274942 1
796692 1
879540 1
837307 1
703763 1
292460 1
271498 1
327283 0
610232 1
678816 1
293755 1
406112 0
184022 0
201143 0
795582 1
576189 1
981346 1
350098 1
535765 0
863455 0
116858 0
810571 1
376458 1
246806 0
178884 0
119509 1
171922 1
272107 0
706931 1
136673 1
906987 1
195938 1
946212 1
873365 0
270462 1
325751 0
835290 0
924308 1
424159 0
530530 1
680423 0
473658 1
364490 1
484212 1
580325 1
463839 0
147462 0
991386 1
479830 1
890737 0
608963 0
828503 1
499241 1
552988 0
398333 1
704715 1
691062 0
311971 0
351096 1
376656 0
762046 1
714117 1
194243 1
958168 0
999277 0
488059 1
817687 0
967250 0
248122 1
980054 1
819575 0
561605 0
319907 1
355171 0
464240 0
897201 1
498964 1
987848 1
917463 0
529426 1
113726 0
314374 0
527439 0
687678 1
486529 0
366230 1
188738 0
633731 0
921732 0
199310 1
324293 0
181420 1
696121 1
447035 0
980182 0
337755 0
805468 1
159174 0
657407 1
848750 1
872242 0
564657 1
339122 1
220795 1
141772 0
571289 1
248012 1
981973 1
653699 0
444563 1
474740 1
162279 0
401307 1
977936 1
416282 0
397301 1
506466 1
541467 1
146842 1
234208 1
354511 0
232503 0
335897 1
147552 1
585925 1
715299 1
364292 1
233481 0
588719 1
571287 0
740565 1
426728 1
546115 1
365638 0
351887 0
455845 0
105569 1
861756 0
920479 1
756833 0
187667 1
872799 0
778907 1
123158 1
591564 1
896112 1
126340 1
132668 1
300107 1
971592 0
568165 1
252831 0
392855 0
473725 1
526163 1
754923 1
386754 1
766012 1
449548 0
243075 0
821383 1
385006 1
561754 1
887363 1
498637 1
970933 0
371535 0
320995 0
836355 1
929261 1
486216 0
226580 1
725732 1
908877 1
627436 1
112386 1
404595 1
892006 0
724044 0
641842 1
213757 0
809888 1
195074 0
600707 1
221787 1
632193 1
393332 1
953679 0
913007 1
953575 1
846959 1
364584 0
140003 1
734090 0
324430 0
130429 1
618351 1
837533 1
316786 0
623284 0
412754 1
668908 1
187209 0
245935 0
117877 0
120317 0
535593 0
308745 1
108301 0
789777 0
884851 0
804952 1
680056 1
419713 1
554546 1
927882 0
424188 1
467139 1
192059 1
603049 0
789676 1
568900 1
169261 0
381241 0
701188 0
460780 1
646224 1
736695 1
677226 0
967519 0
124567 1
608953 1
876877 1
764825 1
694911 1
735634 1
133383 1
461391 1
174704 1
466220 1
249661 0
809010 1
873944 1
897101 0
517147 1
991340 1
699541 1
768789 0
517049 1
263586 1
835465 0
932028 1
592987 1
535762 1
193637 1
406550 0
739210 1
487444 1
747745 1
259056 1
141694 0
636763 1
586911 1
333329 0
731509 0
826867 1
740525 0
269436 0
644154 1
832290 1
761217 0
318122 1
307841 1
164584 1
279612 1
273138 0
218887 0
631584 0
521290 0
556707 1
893236 0
879039 0
835390 1
720006 0
241818 0
883730 0
679000 1
310974 1
612756 0
642785 1
983360 1
717289 1
421898 0
961840 1
640521 1
738110 1
173609 1
530938 1
465233 0
715694 0
495309 1
125558 1
485853 1
913764 0
999993 0
386516 0
821311 0
254151 1
944891 1
258942 1
848850 1
261973 1
881322 0
242841 0
746265 1
713735 1
563817 1
619043 1
472421 1
372370 0
888003 1
809908 1
339118 1
961825 1
789966 0
419615 0
925366 0
348605 1
351563 1
811984 1
657708 0
231591 1
646689 0
827084 0
879076 0
982650 0
925254 1
110710 1
357568 0
221355 1
819864 0
949510 1
837804 0
280971 1
896478 1
811985 1
314491 1
435329 1
812297 1
137478 1
300941 1
115569 1
892599 0
243405 1
387115 1
244921 0
754732 1
423271 1
717958 0
123665 1
373208 1
378835 0
997117 1
897480 1
501622 0
404356 1
796533 0
762027 1
963304 0
407917 0
633984 1
628063 0
998174 1
455703 1
560697 0
932516 1
876718 1
544999 1
829540 0
757394 1
106874 1
738939 0
634288 1
784508 1
775151 1
475595 1
459830 0
358961 1
772770 1
967370 0
799065 0
194744 1
853971 1
401859 0
797861 1
852945 0
106603 1
432926 0
377297 0
119256 1
876543 1
349018 0
118495 0
684451 1
854060 1
430482 0
970265 1
772321 1
990074 0
315931 1
598803 0
334618 1
475836 0
531201 1
771341 0
623635 1
917388 1
175439 1
411728 0
165801 1
563056 1
427461 0
659630 0
759538 1
150361 0
484097 1
412643 1
738369 1
854593 0
308249 1
722072 1
788481 1
715882 1
575805 1
472956 1
427702 0
173571 1
686007 0
398987 1
380257 0
112676 1
413707 1
124169 1
188026 1
971310 0
453625 1
826437 1
761045 1
184525 1
880248 1
419064 1
644192 1
927128 0
414267 1
928549 1
328289 1
733581 1
356141 1
700792 1
623769 0
861111 1
448566 0
107721 0
600229 0
415690 0
959029 0
330232 0
583193 0
750115 0
976037 1
613200 0
967589 0
345034 1
797946 1
884102 1
911090 1
837105 0
453539 0
606712 1
427939 1
695603 0
912775 1
999663 0
842710 0
389208 1
466058 1
536767 1
740994 1
797549 1
974631 1
789508 1
924889 0
691118 0
548564 1
258245 1
343557 0
257758 1
758179 1
174899 1
825516 1
120107 1
529117 1
570823 1
755117 0
299244 0
256486 1
819337 1
514049 1
447460 1
820958 1
258469 0
685469 1
150270 1
903804 0
154549 0
687245 1
407248 1
559122 1
735932 0
473784 0
423386 1
524366 1
534951 1
273856 1
744230 1
605844 0
633836 0
821120 0
508071 1
506886 0
243916 1
895950 0
400348 0
291038 0
235538 0
738584 1
138859 1
868432 0
440434 0
819017 0
685896 1
939499 1
484461 1
753314 0
889997 1
785654 1
713194 1
324803 0
987585 1
509268 1
587964 1
597953 1
847508 0
958626 1
858016 0
893455 0
723422 0
200054 1
410973 0
753143 1
688005 0
247231 1
300099 1
725440 1
663605 0
365257 1
425390 1
543239 1
224263 1
421752 0
553411 1
364359 1
556604 0
977385 0
950319 1
209171 0
215745 0
271062 1
798733 1
754584 1
139691 1
975056 0
209182 1
242622 1
349690 1
192165 1
847247 1
775013 0
327479 0
712121 1
746008 1
488778 1
403863 0
306030 0
358266 1
192001 1
752407 1
162590 0
599614 0
861882 1
145311 0
183549 0
727354 0
925277 0
288770 1
365721 1
125420 1
361040 1
641946 0
890395 1
733278 1
115501 1
730765 0
599238 0
718051 0
564782 1
197580 0
817940 1
334550 0
663683 1
896113 1
626974 1
246143 1
537432 1
376254 1
638258 1
814991 0
750930 0
645506 1
236284 1
401888 1
669488 1
757588 1
143136 1
494583 0
774475 1
224376 0
180379 1
114788 1
837592 1
905047 1
128711 1
410367 1
742722 1
982312 1
821109 1
719242 1
735538 1
891052 0
374642 0
409107 0
192617 0
325995 1
661892 1
309424 1
738306 1
527801 0
577868 1
202114 0
252275 1
964437 1
737060 1
105333 0
686730 0
556870 1
524128 0
392796 1
762801 1
595166 1
594798 1
241782 1
667691 0
293913 0
851959 1
758445 1
160535 0
717500 1
527070 0
562388 1
717386 1
383128 1
670653 1
467622 1
326422 0
408645 1
994701 1
470251 1
948008 1
154345 1
190332 1
340084 0
745571 1
330865 1
108246 1
879356 0
867239 1
624500 0
334750 0
590695 0
154446 0
137813 1
770995 1
938179 0
898123 1
814655 0
922350 1
422443 1
566251 1
230376 1
570208 0
249728 0
661461 1
349808 1
227990 1
884528 0
939051 0
888289 1
448406 0
913906 1
753801 0
303534 0
463393 1
365989 0
388195 0
896726 1
531697 0
692822 0
888488 1
792735 1
972698 1
821016 1
949411 0
810813 1
519594 1
235979 0
796694 1
930154 1
699082 1
701783 0
764894 1
944237 1
179036 0
953040 1
524756 1
350933 1
697148 1
522289 0
746248 1
939677 1
730402 0
396579 1
935750 1
722439 0
703324 0
714261 1
726514 1
279875 1
197461 0
190018 1
129933 1
864647 0
233619 1
282576 1
893231 1
235125 1
483602 0
713773 0
428140 0
884954 0
209995 1
641074 0
693042 1
555371 1
702545 1
346754 0
241895 0
960071 1
242864 1
176137 0
743500 0
153306 1
740687 1
287262 1
187198 1
876085 1
316556 0
200995 1
927825 0
150521 1
360708 1
770241 1
738421 0
588587 1
290506 1
964175 0
457619 1
387486 1
156620 0
148618 1
499055 0
233774 1
561427 0
608059 1
113573 0
431361 1
428065 1
215766 0
535117 1
248966 1
984434 1
126199 1
329368 0
620471 1
518301 1
876772 1
804274 1
138776 0
496818 1
695536 0
770624 1
574103 1
165788 1
752755 1
531809 1
919916 1
278590 1
221172 1
642959 1
313688 1
641143 1
387873 1
475612 1
842823 1
586272 0
377075 1
230391 0
963951 1
817194 1
615917 1
344230 0
810193 1
456001 1
107707 1
136204 1
342069 0
593262 0
145109 0
111714 1
968911 1
815886 1
415803 1
318366 1
225086 1
897822 1
781848 0
355249 0
186345 0
863728 0
608512 0
749826 0
531010 0
908596 1
241011 1
521270 0
692837 0
661074 1
216122 0
457705 1
176471 1
214540 1
387143 0
378420 1
716136 1
805054 1
903063 1
644359 1
357363 0
574815 1
597840 0
212429 0
476731 1
952543 0
923461 1
816972 1
337070 1
513993 0
702799 1
144868 0
875139 1
971008 0
448179 1
556013 1
617917 0
515811 1
960576 0
787131 1
605863 1
295914 1
561199 0
243867 1
985815 0
376424 1
523075 0
253429 1
667117 1
378185 1
439401 1
220137 0
894610 0
743315 1
122454 1
522452 0
840956 0
841510 1
293773 1
245002 1
374758 1
469662 1
572280 1
674939 1
607578 0
678605 0
271340 0
264464 0
456424 1
490531 1
159463 1
942412 1
873774 1
926024 1
110611 0
382477 1
831567 1
137790 1
476962 1
536138 0
873950 1
910465 0
404241 1
573716 1
839762 1
596648 0
666567 1
676790 0
332817 0
560579 1
236245 1
302039 1
393191 1
793372 1
192501 1
877845 1
266093 1
919032 1
627628 1
587530 1
814564 1
522421 1
682761 1
824872 0
241337 0
927147 0
375718 1
127102 1
548993 0
999085 0
756740 0
739922 1
482491 1
303975 0
250288 1
987974 1
396211 0
818527 1
370690 1
640789 1
676410 1
354069 1
122650 0
200692 1
749649 0
634660 1
999908 0
469555 1
494205 1
784001 1
950866 0
853083 0
695985 1
874041 1
234150 1
892976 0
278441 0
332628 0
300711 0
427854 1
339979 1
751350 1
236296 1
260110 1
881669 1
508058 1
922086 0
867295 1
846260 0
234039 0
488264 0
874158 1
730905 1
729085 1
884095 1
996801 0
506595 0
266422 0
388325 0
493173 0
467369 0
281959 1
444768 0
114245 1
915182 1
513678 1
938621 1
887332 1
721342 1
872355 1
353303 1
104287 1
818669 1
172217 0
361551 1
345757 1
817020 0
423323 0
451699 1
475520 0
283509 1
750577 1
658361 1
433220 1
941772 0
637147 1
295330 1
155965 0
450814 0
774546 0
672185 0
167994 1
881906 0
552075 0
506835 1
697318 1
505276 0
533557 0
810703 0
973731 1
768471 1
433559 1
220917 1
840143 1
844360 0
941877 0
703544 0
975040 1
493376 1
140074 1
658006 1
993865 0
134392 1
838861 0
634836 0
127701 0
664819 1
228622 1
429988 1
425576 0
638177 1
367511 0
186080 1
676771 1
151320 1
447244 1
821294 1
340084 0
353343 1
900475 1
608141 1
909947 1
111822 1
930805 1
739697 0
808610 1
865374 1
388828 0
346315 0
737156 0
587095 0
895632 0
833190 1
753391 1
298810 0
199674 1
933930 0
184506 1
413858 1
775600 1
876182 0
872260 0
926820 1
921901 1
491493 1
573465 1
989296 0
638939 1
955308 1
275759 0
180559 1
103914 1
821463 0
765442 1
525508 1
853143 0
953073 1
344382 0
641773 1
211048 1
704282 1
354259 1
764641 0
482317 1
293328 1
484864 1
261842 1
132286 0
139753 1
607178 0
993098 1
469856 1
520117 1
395715 0
501231 1
653602 0
298142 0
209797 0
707840 1
626874 1
358472 1
379638 1
166839 1
826410 1
616307 1
675012 1
860614 0
306303 1
246486 1
918920 0
103164 1
286477 1
910467 1
784260 0
607647 1
199126 1
963624 0
146087 1
371058 0
820642 1
688393 0
593893 0
546926 1
229222 1
451849 0
682209 1
544521 1
571615 0
917856 1
633060 0
181620 1
757781 0
161763 0
320740 1
372214 0
614362 1
747008 1
604256 0
131700 1
231978 1
113089 0
949089 0
950155 1
968875 1
587942 1
565432 1
557777 0
947020 1
678125 1
913156 0
887193 0
842887 1
353740 0
635947 1
710093 0
630784 1
199186 1
528061 1
378612 0
743877 0
220331 1
176021 0
777707 0
712942 1
210619 1
592793 0
762189 1
930332 1
219519 1
874743 1
905197 0
344059 0
930801 1
524904 0
248505 0
330593 1
505858 1
589039 1
330230 1
370286 1
740320 0
314808 0
190696 1
592044 1
552495 0
243195 1
865608 0
289199 0
918961 1
986552 1
692686 0
530772 1
960480 0
438585 1
871910 1
944898 1
328464 1
961173 1
381148 0
420877 0
336976 1
475945 1
520754 1
382608 1